image: facility_inspection_map.pgm
resolution: 0.05000000074505806
origin: [-15.103461265563965, -10.515509605407715, 0.0]
negate: 0
occupied_thresh: 0.65
free_thresh: 0.25
