image: maze_map.pgm
resolution: 0.05000000074505806
origin: [-6.598591327667236, -4.604852676391602, 0.0]
negate: 0
occupied_thresh: 0.65
free_thresh: 0.25
