image: my_map.pgm
resolution: 0.05000000074505806
origin: [-6.017764568328857, -5.524987697601318, 0.0]
negate: 0
occupied_thresh: 0.65
free_thresh: 0.25
